
La inversa de la matriz suma es:
[
-0.04 0.00 0.11 -0.01 -0.03 -0.02 0.00 0.02 0.01 0.00 
0.02 0.01 -0.04 0.03 0.00 -0.08 0.05 -0.06 0.04 0.01 
0.03 0.02 -0.08 -0.02 -0.08 0.00 0.06 -0.06 -0.01 0.10 
-0.07 0.07 0.01 -0.03 0.01 -0.02 0.09 -0.05 -0.07 0.06 
0.06 -0.03 0.03 0.06 0.01 -0.02 -0.11 0.04 0.03 -0.02 
-0.13 0.08 -0.04 -0.02 -0.03 0.03 0.07 -0.01 -0.04 0.09 
-0.02 -0.07 0.06 0.01 0.05 0.03 -0.02 0.10 -0.02 -0.07 
0.05 -0.01 0.01 -0.01 0.02 0.07 -0.10 0.13 -0.00 -0.12 
-0.03 0.02 -0.03 0.02 0.05 0.09 0.00 0.02 -0.04 -0.04 
0.11 -0.04 -0.02 -0.03 0.03 -0.07 -0.01 -0.11 0.12 -0.02 
]
6 
]
