
La inversa de la matriz multiplicacion es:
[
0.39 -0.43 1.41 -0.10 -1.44 -0.69 -0.35 0.01 0.96 -0.38 
-0.19 0.22 -0.70 0.04 0.76 0.34 0.18 -0.02 -0.48 0.18 
-0.09 0.08 -0.33 0.02 0.33 0.17 0.09 -0.00 -0.23 0.10 
0.11 -0.12 0.40 -0.05 -0.40 -0.20 -0.11 0.03 0.27 -0.12 
0.13 -0.14 0.44 -0.05 -0.44 -0.21 -0.12 0.02 0.29 -0.12 
0.46 -0.48 1.59 -0.10 -1.65 -0.81 -0.40 0.00 1.12 -0.43 
-0.29 0.34 -1.07 0.07 1.13 0.51 0.28 -0.05 -0.71 0.29 
-0.19 0.22 -0.69 0.06 0.70 0.35 0.17 -0.02 -0.47 0.18 
-0.04 0.04 -0.10 0.02 0.08 0.04 0.03 -0.00 -0.07 0.04 
-0.27 0.25 -0.89 0.09 0.87 0.48 0.20 0.02 -0.64 0.25 
]
 
]
