
La inversa de la matriz A es:
[
-0.28 -0.53 0.67 -0.20 -0.10 -0.10 -0.05 0.22 0.16 0.27 
-0.32 -0.54 0.70 -0.22 0.22 -0.13 -0.06 0.17 0.08 0.12 
-0.18 0.16 -0.15 0.10 0.29 0.18 0.14 -0.13 -0.11 -0.24 
0.23 0.22 -0.27 0.04 -0.06 -0.01 -0.00 -0.03 -0.01 -0.12 
0.06 0.12 -0.11 0.06 0.03 -0.03 0.05 -0.06 -0.04 -0.08 
0.26 0.18 -0.39 0.07 0.03 0.03 0.02 -0.07 -0.05 -0.09 
-0.15 -0.21 0.26 -0.15 -0.09 -0.00 -0.04 0.05 0.07 0.22 
0.21 0.08 -0.15 -0.01 -0.22 -0.03 -0.07 0.04 -0.02 0.12 
-0.12 -0.09 0.22 0.07 0.12 0.01 0.03 0.01 0.02 -0.10 
0.10 0.20 -0.26 0.03 -0.06 0.01 -0.02 -0.03 -0.01 0.01 
]

La inversa de la matriz B es
[
0.50 0.00 0.00 0.00 0.00 0.00 0.00 0.00 0.00 0.00 
0.00 0.06 0.00 0.00 0.18 0.00 -0.00 -0.15 -0.04 0.03 
0.00 0.00 0.50 0.00 0.00 0.00 0.00 0.00 0.00 0.00 
0.00 0.35 0.00 0.50 1.11 0.00 -1.25 -0.93 -0.28 0.21 
0.00 -0.14 0.00 0.00 0.06 0.00 0.00 0.37 -0.01 0.01 
0.00 0.00 0.00 0.00 0.00 0.50 0.00 0.00 0.00 0.00 
0.00 -0.14 0.00 0.00 -0.44 0.00 0.50 0.37 0.11 -0.08 
0.00 0.23 0.00 0.00 -0.09 0.00 0.00 -0.29 0.02 -0.02 
0.00 0.00 0.00 0.00 0.00 0.00 0.00 0.00 0.25 -0.19 
0.00 0.00 0.00 0.00 0.00 0.00 0.00 0.00 0.00 0.25 
]
