[
-0.278478 -0.526958 0.673780 -0.195953 -0.095062 -0.101520 -0.052525 0.222533 0.159950 0.274198 
-0.320440 -0.542143 0.696932 -0.222202 0.223693 -0.128618 -0.061744 0.166260 0.080554 0.119684 
-0.176615 0.164698 -0.153375 0.098886 0.286500 0.175827 0.137609 -0.130781 -0.112823 -0.235604 
0.233005 0.216077 -0.266952 0.040779 -0.060020 -0.014427 -0.004318 -0.031671 -0.014676 -0.116675 
0.059205 0.122707 -0.107147 0.061043 0.034874 -0.028296 0.050130 -0.057651 -0.039294 -0.076338 
0.259493 0.175653 -0.391260 0.065318 0.031687 0.033840 0.017508 -0.074178 -0.053317 -0.091399 
-0.151805 -0.211706 0.262150 -0.153165 -0.090170 -0.002985 -0.039667 0.049984 0.073167 0.217905 
0.212135 0.079855 -0.147811 -0.007726 -0.218928 -0.031422 -0.069807 0.037979 -0.015568 0.122671 
-0.118987 -0.085288 0.217284 0.065171 0.122741 0.009852 0.031241 0.007870 0.024247 -0.103059 
0.100633 0.196083 -0.264534 0.030890 -0.058288 0.011032 -0.020282 -0.027255 -0.013354 0.010862 
]
